#-- 20=HR0179,B2V
#\*l[nm]	Flux [mW/m\sp2\ep/cm]
   322.5   1.07e-02
   327.5   1.04e-02
   332.5   1.04e-02
   337.5   1.00e-02
   342.5   9.52e-03
   347.5   9.19e-03
   352.5   9.00e-03
   357.5   8.93e-03
   362.5   8.62e-03
   367.5   9.68e-03
   372.5   9.10e-03
   377.5   1.02e-02
   382.5   1.08e-02
   387.5   1.13e-02
   392.5   1.13e-02
   397.5   8.31e-03
   402.5   1.10e-02
   407.5   1.03e-02
   412.5   1.02e-02
   417.5   1.00e-02
   422.5   9.87e-03
   427.5   9.55e-03
   432.5   8.32e-03
   437.5   8.47e-03
   442.5   8.44e-03
   447.5   8.09e-03
   452.5   7.85e-03
   457.5   7.59e-03
   462.5   7.45e-03
   467.5   7.10e-03
   472.5   6.82e-03
   477.5   6.57e-03
   482.5   6.07e-03
   487.5   5.66e-03
   492.5   5.71e-03
   497.5   5.63e-03
   502.5   5.48e-03
   507.5   5.39e-03
   512.5   5.20e-03
   517.5   5.21e-03
   522.5   5.13e-03
   527.5   4.95e-03
   532.5   4.88e-03
   537.5   4.70e-03
   542.5   4.56e-03
   547.5   4.51e-03
   552.5   4.50e-03
   557.5   4.27e-03
   562.5   4.09e-03
   567.5   3.99e-03
   572.5   3.88e-03
   577.5   3.86e-03
   582.5   3.79e-03
   587.5   3.63e-03
   592.5   3.57e-03
   597.5   3.45e-03
   602.5   3.40e-03
   607.5   3.32e-03
   612.5   3.24e-03
   617.5   3.13e-03
   622.5   3.14e-03
   627.5   3.07e-03
   632.5   2.97e-03
   637.5   2.94e-03
   642.5   2.87e-03
   647.5   2.82e-03
   652.5   2.70e-03
   657.5   2.60e-03
   662.5   2.56e-03
   667.5   2.60e-03
   672.5   2.49e-03
   677.5   2.50e-03
   682.5   2.44e-03
   687.5   2.34e-03
   692.5   2.28e-03
   697.5   2.20e-03
   702.5   2.15e-03
   707.5   2.04e-03
   712.5   2.02e-03
   717.5   2.02e-03
   722.5   2.12e-03
   727.5   1.93e-03
   732.5   2.07e-03
   737.5   1.92e-03
   742.5   1.88e-03
   747.5   1.93e-03
   752.5   1.70e-03
   757.5   1.03e-10
   762.5   1.02e-10
